10 11
4.3 3.17 2.86 2.87 3.82 3.26 2.76 4.26 2.54 2.48 1.0
3.17 2.88 2.22 2.52 2.94 2.41 2.09 3.19 2.11 1.82 1.0
2.86 2.22 2.73 1.81 2.72 2.7 1.47 2.72 1.94 2.11 1.0
2.87 2.52 1.81 3.3 2.72 2.67 1.79 3.56 2.25 1.85 1.0
3.82 2.94 2.72 2.72 4.07 3.38 2.06 3.65 2.61 2.4 1.0
3.26 2.41 2.7 2.67 3.38 3.76 1.63 3.38 2.03 2.21 1.0
2.76 2.09 1.47 1.79 2.06 1.63 2.26 2.68 1.37 1.01 1.0
4.26 3.19 2.72 3.56 3.65 3.38 2.68 5.47 2.93 2.88 1.0
2.54 2.11 1.94 2.25 2.61 2.03 1.37 2.93 2.38 1.77 1.0
2.48 1.82 2.11 1.85 2.4 2.21 1.01 2.88 1.77 2.61 1.0
