100 101
32.49 24.77 23.23 28.19 24.23 22.86 22.55 24.32 25.41 22.73 25.56 26.11 26.7 25.2 26.69 23.6 27.15 24.88 20.67 23.25 26.33 23.35 22.27 20.92 24.11 26.05 27.59 24.02 25.92 25.43 24.52 27.37 22.47 24.3 21.68 22.98 24.3 26.19 23.62 23.84 29.01 25.15 24.39 24.85 24.22 27.75 24.42 26.65 28.06 22.86 24.29 21.94 24.22 27.38 27.78 27.28 25.34 25.17 27.87 28.18 25.72 23.67 26.08 25.86 23.9 25.88 23.1 23.96 24.28 22.84 24.1 25.19 26.38 24.38 26.46 23.36 27.96 25.41 24.15 24.82 25.3 25.57 23.65 25.72 27.61 26.86 26.01 24.71 23.02 25.75 27.67 22.12 27.35 25.25 26.09 23.37 24.19 22.84 24.04 26.99 1.0
24.77 32.4 21.9 26.79 24.6 24.27 23.26 23.97 25.51 24.53 25.7 23.3 27.49 25.02 26.9 21.87 26.84 25.85 22.37 23.75 26.36 21.53 23.1 19.64 23.5 24.0 27.1 24.53 27.69 23.87 23.81 25.18 21.21 23.6 22.93 23.42 22.82 24.57 24.59 24.28 28.37 24.38 24.5 25.39 24.63 26.2 25.34 26.86 28.9 22.63 22.98 21.84 26.06 27.57 26.3 26.77 25.13 25.07 28.48 27.18 25.87 21.8 24.01 27.47 21.77 23.67 23.31 23.43 23.08 22.56 23.22 27.14 25.5 25.36 25.48 24.05 28.42 24.81 23.84 24.8 24.09 23.41 24.86 27.91 25.47 25.56 25.68 24.36 23.94 26.73 25.85 23.31 26.39 23.69 24.86 21.81 22.93 22.94 24.06 25.42 1.0
23.23 21.9 30.56 25.84 24.35 21.58 20.65 23.74 23.03 22.62 23.58 20.69 24.91 22.91 24.89 20.97 26.17 24.22 22.18 21.87 25.12 20.55 22.57 19.32 22.05 26.34 25.94 25.46 23.84 22.53 21.87 26.04 22.23 22.21 20.37 22.7 22.7 24.33 24.24 23.34 24.47 24.01 25.27 24.35 24.45 26.39 24.11 25.05 26.49 22.63 21.36 23.13 24.51 26.57 27.18 25.73 25.61 22.35 26.65 26.23 24.19 23.14 22.96 24.89 21.96 22.19 22.96 22.91 22.83 23.29 23.18 22.37 23.15 24.42 23.22 22.66 24.23 24.39 22.92 22.74 24.41 25.42 24.34 24.29 24.25 25.18 24.54 23.2 23.33 24.79 26.06 20.6 26.14 23.58 25.36 23.47 22.64 22.06 22.4 24.41 1.0
28.19 26.79 25.84 38.21 26.37 25.0 26.58 26.8 26.56 26.02 28.89 26.6 29.04 28.58 29.04 26.14 30.77 26.38 26.08 24.43 30.37 25.64 26.46 24.68 26.16 26.79 29.81 27.55 29.55 26.71 26.4 29.77 24.86 27.02 24.97 25.26 27.39 27.81 27.06 26.5 30.8 27.21 26.86 29.23 28.09 28.56 26.67 27.5 30.67 24.29 24.71 24.31 29.87 31.04 30.07 31.62 27.17 26.65 29.45 29.97 26.8 26.86 27.38 29.08 24.28 26.98 27.55 25.0 25.38 25.72 27.48 28.21 27.56 27.19 27.58 25.59 31.3 27.46 27.73 26.13 26.78 27.69 29.06 29.14 26.84 27.54 28.72 27.5 25.41 29.07 28.64 26.4 31.15 25.92 29.54 26.5 26.88 23.62 25.97 30.14 1.0
24.23 24.6 24.35 26.37 32.78 21.53 20.94 23.81 26.13 25.32 25.98 22.61 25.16 23.79 24.91 22.0 27.36 24.2 22.88 22.05 26.77 22.82 24.32 20.68 23.09 27.04 25.5 25.28 23.88 23.15 24.49 26.96 22.87 23.5 21.12 23.1 21.78 25.23 23.46 24.64 27.44 24.45 24.44 25.01 25.43 27.3 24.4 25.58 27.7 22.26 21.83 23.18 25.81 26.63 27.87 27.14 26.38 24.24 27.12 25.82 25.03 22.41 25.18 26.1 23.33 24.05 24.06 22.15 23.19 23.14 23.07 23.71 24.51 24.54 23.75 24.32 26.66 24.34 24.43 23.56 23.21 24.99 24.52 24.24 26.05 25.14 25.99 24.09 23.7 25.56 26.74 22.58 26.84 23.08 26.04 24.08 23.51 23.7 23.89 26.75 1.0
22.86 24.27 21.58 25.0 21.53 31.21 20.96 22.38 25.33 21.08 25.61 21.86 25.57 23.64 23.58 20.54 26.5 24.07 21.74 22.36 24.04 22.06 21.94 18.76 23.82 25.62 24.18 23.57 24.36 23.39 22.57 26.9 21.59 23.23 21.08 21.7 22.58 25.63 23.56 23.2 27.49 24.91 22.88 23.28 23.88 25.95 23.31 24.51 27.49 22.5 23.25 21.24 23.31 25.51 23.87 25.63 24.43 23.24 25.92 25.99 25.4 23.2 22.89 25.19 22.24 23.36 23.61 21.78 21.76 22.58 23.71 24.81 24.0 22.37 22.67 22.44 25.33 24.48 21.67 23.17 24.0 23.54 24.16 24.74 25.9 22.4 23.78 24.98 23.26 25.58 25.2 23.56 25.4 23.41 24.15 22.14 22.71 23.04 22.65 24.92 1.0
22.55 23.26 20.65 26.58 20.94 20.96 28.27 22.43 22.33 21.91 23.72 22.57 25.03 22.7 25.02 19.31 26.65 22.02 21.49 21.11 25.22 19.23 21.38 19.27 21.89 23.03 24.14 23.37 25.93 21.92 22.67 25.13 20.76 22.35 20.97 20.5 23.12 22.25 21.68 20.38 23.9 22.5 23.33 23.43 22.55 23.15 21.73 23.87 26.36 20.83 21.79 21.16 24.16 26.07 25.43 24.96 22.84 22.9 25.4 24.84 21.85 21.96 22.3 23.34 21.15 22.2 23.32 21.68 20.76 22.05 21.14 23.41 22.2 22.11 23.11 21.99 25.41 23.04 21.96 23.19 21.8 22.98 23.89 23.67 24.59 24.46 23.7 22.07 20.89 23.29 23.64 20.79 25.26 21.43 24.06 22.2 20.92 20.29 22.64 24.37 1.0
24.32 23.97 23.74 26.8 23.81 22.38 22.43 32.2 26.14 23.37 24.42 23.23 26.13 24.46 26.58 21.46 26.54 24.65 22.77 21.18 24.82 21.98 24.21 21.49 23.16 25.35 25.76 24.83 26.52 22.44 23.92 25.83 22.67 23.26 21.64 25.04 23.53 24.61 25.53 22.82 27.8 24.89 22.97 26.29 26.28 26.94 23.64 26.43 27.94 21.76 23.81 22.15 25.95 26.22 27.03 26.48 26.14 23.04 27.62 27.19 23.99 23.76 23.91 26.58 22.72 23.62 22.81 22.32 22.46 23.67 23.57 25.5 25.36 23.98 25.51 22.98 25.93 24.49 23.26 25.35 24.53 26.35 24.61 26.99 24.48 23.7 26.18 24.7 24.4 24.7 27.35 22.33 26.21 25.5 26.51 22.6 22.45 22.72 23.7 26.24 1.0
25.41 25.51 23.03 26.56 26.13 25.33 22.33 26.14 35.76 25.39 26.01 23.61 28.6 26.47 26.66 22.64 30.57 26.82 23.97 22.99 27.83 23.53 23.88 23.57 24.95 27.2 25.08 26.14 27.33 24.32 25.26 28.08 23.51 24.77 23.71 26.23 22.64 27.09 25.78 25.0 28.92 25.61 24.91 24.96 27.22 29.24 24.98 26.62 28.85 24.69 24.68 22.87 25.92 29.25 27.46 26.72 27.14 25.46 28.37 28.64 26.82 25.53 24.98 26.66 25.03 26.13 24.29 23.78 24.1 23.46 26.74 26.37 26.16 24.39 27.09 23.33 28.3 25.15 25.5 24.66 24.93 26.89 26.41 26.23 27.4 25.74 27.29 24.36 25.5 27.68 29.07 24.93 28.95 24.65 25.7 25.86 24.64 24.53 26.36 27.96 1.0
22.73 24.53 22.62 26.02 25.32 21.08 21.91 23.37 25.39 32.69 26.24 23.75 26.39 23.53 27.08 21.4 26.47 24.2 22.73 22.23 26.92 23.1 23.54 19.38 24.91 24.57 27.14 24.79 27.13 22.81 23.46 26.17 21.86 22.72 24.06 22.78 22.22 24.42 23.17 23.74 26.46 24.22 24.5 25.24 24.29 26.79 23.8 25.57 26.95 22.49 21.65 22.51 24.94 27.02 25.76 27.28 26.58 23.44 27.75 25.77 25.55 24.59 24.3 25.72 22.91 23.6 22.98 23.63 23.44 22.75 25.33 26.35 24.65 25.85 24.61 22.92 25.95 22.89 25.2 25.1 23.82 21.97 24.68 24.88 24.0 23.89 24.19 24.63 22.96 25.99 26.29 22.41 26.85 22.81 26.51 23.46 22.8 22.31 23.98 24.67 1.0
25.56 25.7 23.58 28.89 25.98 25.61 23.72 24.42 26.01 26.24 36.82 24.5 26.86 27.82 27.74 24.46 29.49 25.4 24.18 25.15 28.51 26.01 25.4 21.77 26.67 29.4 28.33 27.0 27.61 26.04 26.47 28.24 24.88 24.73 24.62 26.14 27.23 28.07 25.35 27.3 30.72 26.35 27.29 27.59 28.83 29.14 28.14 26.56 30.51 24.22 25.35 24.53 27.3 28.45 28.1 28.29 26.83 26.67 29.89 28.21 29.0 25.85 26.33 29.09 24.62 26.33 25.61 25.43 24.69 24.55 25.83 26.55 27.17 27.82 25.37 25.56 30.38 26.38 24.36 26.07 26.9 26.47 27.76 27.18 27.93 25.63 29.18 26.27 25.89 28.93 27.39 25.1 29.17 24.24 27.09 27.28 26.12 25.41 26.08 27.87 1.0
26.11 23.3 20.69 26.6 22.61 21.86 22.57 23.23 23.61 23.75 24.5 31.34 25.01 22.45 27.09 22.96 26.56 24.32 20.57 22.38 26.23 23.12 23.52 18.97 25.03 23.76 26.41 23.26 24.92 23.69 23.27 25.53 20.18 21.66 20.98 23.42 23.76 24.1 22.37 21.76 27.95 25.61 23.84 24.51 22.69 27.59 23.73 24.49 27.13 21.24 23.7 21.16 24.01 25.94 26.32 26.68 23.69 22.48 26.36 24.99 24.07 23.97 24.07 23.93 22.73 23.87 22.82 22.25 21.97 23.79 21.59 24.31 23.91 23.06 25.49 21.59 25.68 22.01 23.57 23.62 24.05 22.46 24.24 26.01 24.59 23.98 25.81 23.81 23.26 24.16 26.59 21.78 26.03 22.46 24.73 22.11 22.62 23.25 22.91 24.52 1.0
26.7 27.49 24.91 29.04 25.16 25.57 25.03 26.13 28.6 26.39 26.86 25.01 38.92 28.02 29.35 24.59 31.18 28.48 25.2 24.74 30.57 24.3 25.55 23.93 26.53 29.2 29.01 28.37 28.92 25.61 26.72 29.46 25.59 25.68 24.24 27.83 25.36 28.24 28.35 25.34 29.73 27.53 26.98 27.65 27.78 29.22 27.42 29.16 29.94 27.46 25.6 24.15 28.9 29.37 29.83 30.34 28.63 24.07 31.58 29.48 28.84 26.72 27.58 28.81 27.11 26.1 25.47 24.98 25.93 25.78 27.84 28.69 27.34 26.96 29.05 24.51 31.04 27.41 27.87 26.18 26.62 27.73 28.68 29.67 27.8 27.93 28.34 26.22 26.63 28.13 30.13 25.37 28.38 26.95 30.31 25.41 25.37 25.11 27.2 29.27 1.0
25.2 25.02 22.91 28.58 23.79 23.64 22.7 24.46 26.47 23.53 27.82 22.45 28.02 32.1 26.37 23.63 26.98 25.17 23.39 22.93 27.34 22.87 23.55 21.2 24.79 26.05 27.23 25.52 26.04 22.09 24.84 27.12 22.87 25.11 24.07 24.27 25.21 25.3 26.14 24.18 27.38 23.39 23.71 24.93 25.45 26.14 24.78 25.75 27.11 23.93 23.72 22.04 25.13 27.55 26.99 27.37 26.23 22.67 27.39 27.16 26.14 23.95 24.01 26.64 23.87 24.09 23.54 22.93 23.25 23.46 24.97 24.99 24.25 25.55 25.48 23.54 28.17 25.52 23.94 24.65 24.11 25.59 26.97 27.27 25.88 26.42 27.48 24.63 22.99 27.25 26.93 23.82 26.59 24.22 26.48 24.19 23.16 23.65 25.12 25.91 1.0
26.69 26.9 24.89 29.04 24.91 23.58 25.02 26.58 26.66 27.08 27.74 27.09 29.35 26.37 35.94 25.22 29.83 27.78 23.44 24.02 29.11 23.92 25.73 22.12 26.81 26.99 28.32 25.16 28.83 25.36 24.64 26.76 25.02 25.58 22.9 25.28 26.81 26.03 25.75 22.8 29.89 26.45 26.47 27.95 26.92 28.54 25.29 28.31 28.04 24.85 24.51 23.1 28.08 29.63 29.65 27.27 26.7 27.08 29.24 28.46 26.28 24.94 26.62 26.93 25.11 25.63 25.22 24.4 24.55 25.36 25.82 28.01 26.4 26.63 27.9 25.02 29.82 25.64 24.75 26.26 27.03 26.05 26.62 28.66 27.13 25.3 28.45 26.68 26.03 25.29 28.65 25.1 27.97 26.77 27.32 26.01 23.69 24.46 27.17 26.34 1.0
23.6 21.87 20.97 26.14 22.0 20.54 19.31 21.46 22.64 21.4 24.46 22.96 24.59 23.63 25.22 29.01 25.89 22.35 20.37 20.59 25.54 21.22 20.14 19.83 22.87 24.03 25.02 23.68 23.75 22.41 22.5 23.98 18.8 21.29 20.97 23.67 22.98 24.34 22.32 22.14 27.01 22.61 23.0 24.27 23.97 25.62 24.0 22.38 26.01 22.04 20.69 19.65 22.97 23.74 24.23 24.47 22.84 22.23 24.97 25.8 22.05 21.24 22.71 22.59 23.16 21.62 21.46 20.91 21.43 20.42 23.35 21.46 21.91 21.71 23.26 21.98 26.53 21.23 21.02 22.7 24.01 23.82 23.27 24.32 23.5 22.22 23.54 23.73 22.58 23.44 24.77 21.5 23.65 21.11 23.97 21.74 21.44 22.31 21.53 23.86 1.0
27.15 26.84 26.17 30.77 27.36 26.5 26.65 26.54 30.57 26.47 29.49 26.56 31.18 26.98 29.83 25.89 38.21 28.19 26.0 24.96 30.9 25.52 27.53 23.46 27.68 30.51 28.11 28.74 29.57 26.97 28.41 30.09 25.17 26.08 25.84 26.69 26.08 29.32 26.1 27.52 30.9 27.18 27.64 28.18 28.53 31.19 29.03 28.83 30.88 25.91 25.2 23.78 29.75 31.06 30.7 29.79 28.83 26.85 31.18 29.71 28.63 27.9 28.5 29.18 26.36 28.53 28.15 25.8 26.79 26.46 27.28 27.36 27.32 27.41 27.15 27.51 31.41 27.11 27.1 26.14 26.92 28.7 28.87 28.01 30.0 26.77 29.3 27.41 27.58 28.79 30.66 27.98 31.22 25.39 28.12 27.89 27.42 26.36 27.82 29.62 1.0
24.88 25.85 24.22 26.38 24.2 24.07 22.02 24.65 26.82 24.2 25.4 24.32 28.48 25.17 27.78 22.35 28.19 32.66 22.73 23.23 26.62 23.31 23.34 20.65 25.89 27.5 27.04 25.6 25.82 24.55 25.15 27.55 24.17 23.65 23.14 24.37 24.71 26.98 24.84 23.86 28.16 25.82 24.75 25.63 25.87 28.22 25.56 27.23 27.59 24.3 24.47 21.42 25.71 27.91 29.07 26.6 27.04 23.55 28.52 28.25 25.89 24.23 23.6 27.74 24.37 25.2 24.73 23.99 23.75 23.63 25.39 26.1 25.97 26.05 26.8 23.7 28.9 25.07 24.23 24.17 26.17 25.9 26.9 26.6 26.38 25.06 27.39 25.96 24.8 26.24 28.89 24.38 25.58 24.09 26.53 23.69 24.82 24.57 24.03 25.6 1.0
20.67 22.37 22.18 26.08 22.88 21.74 21.49 22.77 23.97 22.73 24.18 20.57 25.2 23.39 23.44 20.37 26.0 22.73 29.02 22.18 26.08 21.52 21.47 19.8 21.32 25.15 25.29 23.28 24.1 21.37 22.42 26.43 22.05 23.91 20.95 22.83 21.44 25.1 24.39 23.28 24.98 22.87 22.39 25.08 23.22 23.46 24.1 23.57 26.75 22.77 20.43 20.5 23.76 26.27 24.71 25.98 24.12 22.87 25.07 25.02 23.64 21.89 22.84 24.91 20.11 21.81 23.31 21.79 22.3 21.7 23.4 24.43 23.17 23.27 23.73 21.03 26.19 22.48 21.92 21.21 23.33 23.05 25.23 23.2 23.5 23.64 24.49 22.19 21.14 24.43 24.9 21.63 25.11 20.85 24.59 22.31 22.65 20.72 22.0 24.32 1.0
23.25 23.75 21.87 24.43 22.05 22.36 21.11 21.18 22.99 22.23 25.15 22.38 24.74 22.93 24.02 20.59 24.96 23.23 22.18 29.68 25.99 21.7 21.94 18.53 23.43 24.26 26.08 22.56 24.59 22.22 22.84 24.4 21.32 21.61 21.09 21.4 22.49 24.66 23.49 24.14 25.4 22.05 24.38 25.0 22.7 25.85 23.79 22.11 26.23 22.28 21.86 20.11 21.84 25.5 24.47 25.64 23.82 23.14 26.13 24.58 23.74 23.47 23.47 24.66 21.32 21.83 22.33 22.3 21.39 21.25 21.63 24.86 25.07 24.06 23.39 20.95 25.99 24.14 21.91 21.92 23.39 22.4 23.19 23.88 23.86 24.49 25.36 23.63 21.46 24.8 25.33 22.11 23.92 22.78 23.55 22.0 22.28 21.03 22.31 24.05 1.0
26.33 26.36 25.12 30.37 26.77 24.04 25.22 24.82 27.83 26.92 28.51 26.23 30.57 27.34 29.11 25.54 30.9 26.62 26.08 25.99 39.2 25.35 26.26 22.81 25.6 28.63 28.51 27.84 27.74 25.29 26.39 30.29 26.45 25.5 24.43 26.92 27.52 29.07 26.63 27.8 29.07 27.69 27.33 29.02 26.91 29.25 27.0 29.3 28.73 26.84 24.44 25.45 29.22 30.68 28.9 31.04 25.89 26.7 29.7 30.85 27.23 27.74 25.56 28.65 24.64 26.28 27.74 25.49 26.15 26.35 28.69 28.26 28.73 28.49 29.05 25.75 30.33 25.25 27.87 26.13 26.27 27.21 29.15 28.21 27.58 28.73 29.1 27.63 24.58 27.98 29.81 25.65 28.67 25.28 28.04 25.15 25.62 25.89 26.69 27.8 1.0
23.35 21.53 20.55 25.64 22.82 22.06 19.23 21.98 23.53 23.1 26.01 23.12 24.3 22.87 23.92 21.22 25.52 23.31 21.52 21.7 25.35 29.5 21.73 18.43 24.6 25.94 24.41 23.44 23.17 21.47 24.64 25.68 21.62 22.27 20.5 22.1 22.84 23.55 20.66 23.89 27.54 23.61 23.35 24.59 23.53 25.14 24.53 22.88 26.07 21.82 22.76 20.93 23.48 25.97 24.7 24.88 24.29 22.29 25.83 23.98 24.53 23.88 23.6 24.26 22.72 23.79 23.14 21.97 22.35 20.99 23.53 23.49 26.03 25.09 24.29 20.73 26.24 22.63 21.95 23.09 23.05 23.15 23.81 24.6 23.0 22.11 23.78 23.35 22.6 23.42 24.64 22.55 24.28 23.33 25.16 22.89 22.53 22.77 20.71 24.17 1.0
22.27 23.1 22.57 26.46 24.32 21.94 21.38 24.21 23.88 23.54 25.4 23.52 25.55 23.55 25.73 20.14 27.53 23.34 21.47 21.94 26.26 21.73 30.14 21.17 23.09 25.61 25.65 24.33 23.93 22.97 25.09 24.71 22.05 21.29 21.18 22.99 23.91 24.1 24.11 22.88 25.45 23.98 23.74 24.25 24.69 25.44 23.17 24.3 25.67 22.28 22.1 21.63 26.03 26.55 26.27 26.42 24.52 22.68 26.62 25.49 25.28 22.9 23.03 25.68 23.4 23.59 23.82 21.43 21.7 23.59 23.72 24.98 24.86 24.65 24.17 23.82 25.26 23.27 24.35 23.37 22.45 23.25 25.7 25.71 24.37 22.85 24.7 24.29 23.33 24.52 25.8 23.92 26.57 22.85 24.2 21.91 23.61 22.83 23.22 23.85 1.0
20.92 19.64 19.32 24.68 20.68 18.76 19.27 21.49 23.57 19.38 21.77 18.97 23.93 21.2 22.12 19.83 23.46 20.65 19.8 18.53 22.81 18.43 21.17 25.89 19.56 22.83 20.94 22.27 22.34 19.68 20.3 22.58 20.3 19.63 20.32 21.88 19.34 21.57 22.8 20.7 24.17 21.69 22.23 21.65 23.21 21.59 18.85 22.65 22.94 21.14 19.89 18.33 22.3 23.03 22.33 23.44 21.39 21.55 23.03 25.69 21.74 19.44 21.67 22.35 20.13 22.07 21.16 19.17 19.92 20.17 21.45 21.82 21.2 20.41 22.64 19.25 25.18 19.96 21.05 21.19 20.91 22.77 22.48 22.08 22.42 20.61 22.92 20.8 20.88 22.46 23.03 18.93 23.85 21.14 22.78 19.94 21.56 19.06 21.85 23.6 1.0
24.11 23.5 22.05 26.16 23.09 23.82 21.89 23.16 24.95 24.91 26.67 25.03 26.53 24.79 26.81 22.87 27.68 25.89 21.32 23.43 25.6 24.6 23.09 19.56 32.27 25.98 26.69 25.11 26.94 23.48 24.97 27.66 21.93 23.01 22.59 23.06 24.27 25.59 23.92 24.08 28.19 25.73 24.86 26.66 24.52 28.21 25.39 23.2 28.95 23.64 23.4 22.05 24.96 27.79 27.46 25.82 25.05 22.33 28.59 24.95 26.32 23.76 25.26 24.73 22.74 24.44 23.41 24.0 23.24 21.31 24.27 26.85 24.95 25.22 25.04 23.3 27.56 23.66 24.42 24.56 24.07 24.36 26.19 25.15 25.86 22.5 26.12 25.03 24.48 24.6 26.94 23.37 26.43 22.99 26.45 24.77 23.43 23.7 23.82 25.36 1.0
26.05 24.0 26.34 26.79 27.04 25.62 23.03 25.35 27.2 24.57 29.4 23.76 29.2 26.05 26.99 24.03 30.51 27.5 25.15 24.26 28.63 25.94 25.61 22.83 25.98 36.4 27.37 27.63 24.76 26.42 27.81 30.79 24.21 25.58 23.88 26.43 25.13 28.78 24.69 26.29 29.37 28.34 26.77 27.29 27.62 29.56 27.73 27.94 29.81 25.45 24.78 24.18 27.07 27.05 28.78 28.77 27.97 25.07 29.34 28.51 28.29 25.23 28.46 29.79 25.8 25.91 25.08 25.08 24.11 24.86 26.64 25.57 26.58 26.18 26.41 24.98 30.62 26.69 24.36 24.33 26.94 27.28 27.4 25.68 29.03 26.62 29.15 27.2 26.6 28.49 30.15 24.25 26.98 26.78 27.66 26.2 25.81 25.85 24.59 28.9 1.0
27.59 27.1 25.94 29.81 25.5 24.18 24.14 25.76 25.08 27.14 28.33 26.41 29.01 27.23 28.32 25.02 28.11 27.04 25.29 26.08 28.51 24.41 25.65 20.94 26.69 27.37 37.36 26.05 28.82 26.26 25.87 28.68 24.48 24.82 24.99 25.76 26.58 29.57 25.85 27.02 29.12 26.9 26.53 28.04 27.97 31.08 27.04 28.18 30.76 24.92 25.38 24.36 27.49 29.18 30.26 30.49 29.44 25.14 30.34 28.39 27.18 25.39 25.28 28.77 25.36 26.08 26.11 27.0 25.9 24.73 26.19 28.18 27.61 26.75 28.39 26.0 29.61 26.46 25.68 26.55 26.62 27.2 28.49 27.89 26.92 27.85 27.83 26.46 26.37 28.99 29.02 25.6 29.27 25.29 28.54 25.47 26.19 25.94 25.77 27.83 1.0
24.02 24.53 25.46 27.55 25.28 23.57 23.37 24.83 26.14 24.79 27.0 23.26 28.37 25.52 25.16 23.68 28.74 25.6 23.28 22.56 27.84 23.44 24.33 22.27 25.11 27.63 26.05 33.65 26.44 24.43 25.93 28.81 22.92 24.29 25.28 25.14 24.02 27.07 26.73 25.97 29.32 25.99 25.88 26.09 26.79 27.7 27.03 25.66 27.85 25.38 23.78 22.73 27.25 27.49 27.46 27.91 27.42 23.31 29.53 28.52 26.12 26.4 24.41 26.27 24.58 24.65 25.55 23.17 22.48 24.73 24.27 24.37 24.08 25.65 25.19 24.4 28.1 25.38 24.69 25.08 25.2 26.34 26.46 25.8 26.73 26.5 26.63 25.91 24.53 26.71 26.69 23.39 28.12 24.82 27.7 24.41 25.15 24.3 24.77 26.33 1.0
25.92 27.69 23.84 29.55 23.88 24.36 25.93 26.52 27.33 27.13 27.61 24.92 28.92 26.04 28.83 23.75 29.57 25.82 24.1 24.59 27.74 23.17 23.93 22.34 26.94 24.76 28.82 26.44 36.74 25.19 24.5 27.36 24.05 24.86 24.86 24.82 24.76 26.63 25.68 25.75 29.36 25.54 26.34 27.64 27.52 28.85 26.25 26.75 28.93 24.27 23.68 22.58 26.65 29.15 29.55 29.18 26.14 26.3 29.77 28.26 26.09 25.15 26.21 27.78 24.96 25.3 25.72 25.45 26.46 24.72 24.8 28.59 26.1 26.7 27.29 25.57 30.3 25.26 26.64 28.05 25.73 27.72 26.48 28.06 27.31 25.97 27.42 25.11 25.1 26.19 27.72 24.42 29.02 26.2 28.39 25.37 24.71 23.34 25.47 27.0 1.0
25.43 23.87 22.53 26.71 23.15 23.39 21.92 22.44 24.32 22.81 26.04 23.69 25.61 22.09 25.36 22.41 26.97 24.55 21.37 22.22 25.29 21.47 22.97 19.68 23.48 26.42 26.26 24.43 25.19 31.32 24.19 26.1 21.97 22.7 21.54 24.11 23.93 25.63 24.01 22.83 26.66 25.96 23.88 24.91 25.1 27.51 25.87 25.41 26.95 21.4 21.37 22.66 24.98 26.79 27.25 26.18 24.94 24.09 27.87 26.83 25.65 22.94 23.7 26.61 22.78 22.6 24.68 23.89 21.98 22.76 24.7 23.99 23.95 24.07 24.65 22.38 27.57 23.57 22.35 22.41 24.6 23.93 25.39 23.4 26.31 24.57 25.94 24.4 25.07 24.78 26.33 22.66 26.57 22.24 25.5 23.21 24.83 22.1 23.97 23.59 1.0
24.52 23.81 21.87 26.4 24.49 22.57 22.67 23.92 25.26 23.46 26.47 23.27 26.72 24.84 24.64 22.5 28.41 25.15 22.42 22.84 26.39 24.64 25.09 20.3 24.97 27.81 25.87 25.93 24.5 24.19 31.65 28.01 23.31 22.96 23.15 25.3 23.89 26.47 23.31 23.95 27.1 25.48 24.59 25.44 24.65 26.77 25.92 25.44 27.85 23.33 23.4 22.19 25.01 26.49 26.98 27.4 25.61 22.71 28.44 26.33 25.85 23.97 24.51 25.42 24.42 25.13 24.17 23.2 22.48 22.93 24.68 24.66 24.43 23.53 26.2 23.36 28.67 26.44 23.17 24.66 23.3 24.66 25.61 25.8 25.76 25.51 25.28 24.33 24.29 24.86 26.59 24.01 25.42 24.2 26.47 24.61 22.9 23.46 23.9 25.68 1.0
27.37 25.18 26.04 29.77 26.96 26.9 25.13 25.83 28.08 26.17 28.24 25.53 29.46 27.12 26.76 23.98 30.09 27.55 26.43 24.4 30.29 25.68 24.71 22.58 27.66 30.79 28.68 28.81 27.36 26.1 28.01 38.85 25.71 27.56 24.3 26.34 26.62 29.71 28.26 27.55 30.33 27.97 27.47 28.05 28.07 30.55 27.15 27.24 31.56 27.26 26.81 24.35 27.51 29.24 29.81 30.51 27.8 25.87 30.46 29.0 28.39 27.04 27.96 27.3 25.68 28.06 27.13 25.87 25.74 26.86 26.79 28.79 27.4 25.99 28.82 26.3 29.65 28.08 28.8 25.74 27.39 28.08 27.92 28.44 28.48 28.52 28.41 27.82 25.81 29.58 29.01 24.66 29.43 26.37 28.65 26.55 26.75 25.49 27.46 28.24 1.0
22.47 21.21 22.23 24.86 22.87 21.59 20.76 22.67 23.51 21.86 24.88 20.18 25.59 22.87 25.02 18.8 25.17 24.17 22.05 21.32 26.45 21.62 22.05 20.3 21.93 24.21 24.48 22.92 24.05 21.97 23.31 25.71 29.93 23.15 19.78 22.86 22.92 23.27 23.69 21.45 24.77 23.07 22.61 23.79 23.68 24.14 24.45 25.2 24.02 22.71 21.32 20.83 24.07 25.63 25.57 24.61 22.93 22.85 27.31 25.37 23.89 22.04 21.95 24.9 21.79 22.88 23.66 22.12 22.91 22.27 23.76 24.52 23.62 24.02 24.38 20.68 27.05 22.96 21.26 22.55 23.82 25.26 24.59 22.13 24.89 22.88 24.37 23.03 23.01 23.18 26.1 22.87 24.58 22.58 25.64 23.06 22.21 21.96 22.91 24.28 1.0
24.3 23.6 22.21 27.02 23.5 23.23 22.35 23.26 24.77 22.72 24.73 21.66 25.68 25.11 25.58 21.29 26.08 23.65 23.91 21.61 25.5 22.27 21.29 19.63 23.01 25.58 24.82 24.29 24.86 22.7 22.96 27.56 23.15 31.19 19.96 22.7 23.06 24.23 23.44 23.52 28.02 22.81 22.11 23.24 25.29 24.64 23.45 25.73 26.78 23.59 22.28 21.37 24.93 26.21 27.49 25.81 24.56 23.71 26.03 26.98 23.33 22.9 23.85 25.3 22.19 22.77 24.08 22.71 22.43 22.9 22.25 25.44 23.68 24.54 24.91 23.08 26.45 24.39 23.05 23.04 24.27 24.17 23.98 25.35 25.95 24.82 24.91 23.16 22.04 24.61 25.77 22.12 27.18 24.77 27.05 22.81 23.78 20.24 24.11 26.09 1.0
21.68 22.93 20.37 24.97 21.12 21.08 20.97 21.64 23.71 24.06 24.62 20.98 24.24 24.07 22.9 20.97 25.84 23.14 20.95 21.09 24.43 20.5 21.18 20.32 22.59 23.88 24.99 25.28 24.86 21.54 23.15 24.3 19.78 19.96 29.41 20.98 21.83 23.48 22.39 22.92 25.92 22.75 23.05 24.36 23.08 24.96 23.0 22.83 26.27 20.45 20.7 20.0 21.38 25.2 24.88 25.16 24.93 20.95 26.91 24.6 23.18 22.28 22.23 24.11 20.77 23.99 21.93 22.36 21.41 21.35 23.23 23.57 22.54 23.18 23.83 21.94 25.55 22.75 21.24 23.4 22.3 22.88 24.81 22.58 23.67 22.85 24.52 23.56 22.8 24.75 24.66 21.4 24.2 20.46 24.14 22.51 22.63 21.62 22.67 23.97 1.0
22.98 23.42 22.7 25.26 23.1 21.7 20.5 25.04 26.23 22.78 26.14 23.42 27.83 24.27 25.28 23.67 26.69 24.37 22.83 21.4 26.92 22.1 22.99 21.88 23.06 26.43 25.76 25.14 24.82 24.11 25.3 26.34 22.86 22.7 20.98 32.86 23.34 26.41 25.4 24.02 28.19 26.18 24.86 26.05 26.27 26.89 24.4 27.95 26.66 24.15 23.46 22.75 26.24 26.36 25.89 26.38 24.7 23.2 27.8 27.74 25.8 24.07 22.23 26.29 24.05 24.03 22.51 21.66 20.75 23.85 24.33 24.66 23.85 24.31 26.66 21.81 27.43 22.76 22.54 23.88 23.89 26.31 26.32 27.09 23.82 25.2 26.77 23.36 24.59 25.0 26.65 22.21 26.22 23.75 27.73 22.98 23.34 25.75 23.75 23.74 1.0
24.3 22.82 22.7 27.39 21.78 22.58 23.12 23.53 22.64 22.22 27.23 23.76 25.36 25.21 26.81 22.98 26.08 24.71 21.44 22.49 27.52 22.84 23.91 19.34 24.27 25.13 26.58 24.02 24.76 23.93 23.89 26.62 22.92 23.06 21.83 23.34 31.16 24.85 24.53 23.19 27.24 24.98 24.6 24.93 26.08 26.34 24.36 24.43 27.28 22.47 23.28 22.96 24.24 26.96 27.86 25.21 24.16 23.28 27.81 25.54 22.76 23.73 22.51 24.85 24.09 23.62 23.67 22.52 22.48 23.72 22.7 25.78 26.03 25.28 25.05 24.75 26.52 23.81 22.83 24.25 24.21 24.83 26.46 26.5 25.1 25.06 26.66 25.09 22.12 25.1 25.68 23.93 25.41 23.77 25.61 22.91 22.9 22.34 22.77 24.42 1.0
26.19 24.57 24.33 27.81 25.23 25.63 22.25 24.61 27.09 24.42 28.07 24.1 28.24 25.3 26.03 24.34 29.32 26.98 25.1 24.66 29.07 23.55 24.1 21.57 25.59 28.78 29.57 27.07 26.63 25.63 26.47 29.71 23.27 24.23 23.48 26.41 24.85 35.52 25.4 27.38 29.11 27.41 26.24 27.0 26.97 29.4 26.08 27.04 28.72 25.34 25.49 23.13 26.16 27.97 27.74 30.24 27.56 25.89 28.6 28.22 26.86 25.06 26.55 27.53 23.52 24.44 24.72 25.43 23.73 23.77 25.95 26.59 25.91 26.81 26.96 24.91 28.21 25.19 25.65 24.18 25.76 26.92 27.14 26.72 28.17 27.04 27.33 26.9 25.96 26.96 27.32 25.41 28.16 24.74 27.92 23.41 26.07 25.46 25.95 28.48 1.0
23.62 24.59 24.24 27.06 23.46 23.56 21.68 25.53 25.78 23.17 25.35 22.37 28.35 26.14 25.75 22.32 26.1 24.84 24.39 23.49 26.63 20.66 24.11 22.8 23.92 24.69 25.85 26.73 25.68 24.01 23.31 28.26 23.69 23.44 22.39 25.4 24.53 25.4 32.95 23.6 27.67 25.35 24.71 25.75 24.83 26.64 24.52 25.46 27.8 24.83 22.38 21.14 25.39 28.19 24.98 26.84 25.19 24.54 28.32 28.57 26.55 24.26 22.74 25.46 22.59 22.88 24.42 22.3 24.06 24.75 24.76 26.71 23.56 24.03 26.94 22.91 27.39 24.82 24.39 23.13 25.26 26.0 26.05 25.72 25.26 25.68 25.48 24.41 23.39 25.39 25.86 22.74 27.0 22.96 26.6 23.11 24.57 23.43 25.34 24.97 1.0
23.84 24.28 23.34 26.5 24.64 23.2 20.38 22.82 25.0 23.74 27.3 21.76 25.34 24.18 22.8 22.14 27.52 23.86 23.28 24.14 27.8 23.89 22.88 20.7 24.08 26.29 27.02 25.97 25.75 22.83 23.95 27.55 21.45 23.52 22.92 24.02 23.19 27.38 23.6 32.46 28.48 24.83 24.29 25.75 25.55 27.64 24.83 24.94 28.04 23.64 23.37 22.63 25.32 26.31 26.69 29.45 24.77 22.72 27.38 26.64 24.56 24.46 24.33 26.37 21.59 24.72 25.23 23.95 22.62 22.4 22.76 24.81 26.72 25.33 25.18 23.69 26.48 24.09 24.24 23.39 24.35 24.87 24.47 25.2 25.62 24.94 25.72 24.28 22.6 27.06 27.03 22.14 26.99 24.02 26.72 22.11 25.08 24.08 24.42 26.03 1.0
29.01 28.37 24.47 30.8 27.44 27.49 23.9 27.8 28.92 26.46 30.72 27.95 29.73 27.38 29.89 27.01 30.9 28.16 24.98 25.4 29.07 27.54 25.45 24.17 28.19 29.37 29.12 29.32 29.36 26.66 27.1 30.33 24.77 28.02 25.92 28.19 27.24 29.11 27.67 28.48 39.8 28.9 26.21 28.16 29.9 30.72 29.29 29.88 31.66 26.45 27.39 24.29 28.93 30.83 30.38 29.35 28.12 27.65 31.39 30.14 28.54 27.26 28.24 29.0 26.76 28.77 27.15 25.53 25.55 26.0 27.07 30.59 28.19 27.57 28.94 27.39 32.01 27.15 25.55 27.5 28.3 28.46 27.98 28.86 28.98 27.65 31.18 27.94 27.49 29.18 30.25 26.31 31.09 27.79 29.36 27.64 28.13 25.73 27.14 29.49 1.0
25.15 24.38 24.01 27.21 24.45 24.91 22.5 24.89 25.61 24.22 26.35 25.61 27.53 23.39 26.45 22.61 27.18 25.82 22.87 22.05 27.69 23.61 23.98 21.69 25.73 28.34 26.9 25.99 25.54 25.96 25.48 27.97 23.07 22.81 22.75 26.18 24.98 27.41 25.35 24.83 28.9 34.19 26.53 26.58 25.94 28.39 24.47 28.39 28.58 21.86 23.4 23.91 26.81 28.15 27.26 28.1 25.51 25.63 29.88 27.81 25.66 22.99 24.74 26.67 24.09 24.7 24.29 24.43 22.59 23.3 25.52 25.49 24.85 26.83 27.75 24.2 28.58 25.14 24.18 24.32 24.95 25.68 26.91 25.43 27.09 25.09 27.02 24.65 25.68 24.53 27.49 23.37 26.86 24.18 28.43 22.85 24.22 26.25 25.79 25.96 1.0
24.39 24.5 25.27 26.86 24.44 22.88 23.33 22.97 24.91 24.5 27.29 23.84 26.98 23.71 26.47 23.0 27.64 24.75 22.39 24.38 27.33 23.35 23.74 22.23 24.86 26.77 26.53 25.88 26.34 23.88 24.59 27.47 22.61 22.11 23.05 24.86 24.6 26.24 24.71 24.29 26.21 26.53 33.3 26.64 26.13 27.9 25.88 25.59 28.22 23.41 23.87 23.71 25.79 27.91 25.66 27.84 26.96 24.76 29.28 28.32 25.64 24.12 25.2 26.65 23.47 22.18 24.09 23.5 23.51 23.77 23.92 25.76 26.86 26.37 24.64 23.5 27.67 24.25 24.84 24.56 24.53 25.27 25.77 25.92 25.58 25.3 25.3 26.18 25.84 25.74 26.2 21.87 27.1 23.39 26.22 23.67 24.74 24.46 24.72 26.47 1.0
24.85 25.39 24.35 29.23 25.01 23.28 23.43 26.29 24.96 25.24 27.59 24.51 27.65 24.93 27.95 24.27 28.18 25.63 25.08 25.0 29.02 24.59 24.25 21.65 26.66 27.29 28.04 26.09 27.64 24.91 25.44 28.05 23.79 23.24 24.36 26.05 24.93 27.0 25.75 25.75 28.16 26.58 26.64 34.99 27.14 28.07 27.75 26.97 30.58 24.14 24.06 23.59 26.3 28.46 28.66 29.19 26.38 26.28 30.39 28.52 26.84 26.7 27.14 27.49 23.07 24.12 26.58 25.03 24.58 25.05 24.89 27.0 28.11 27.25 26.86 23.68 30.33 27.43 23.95 25.97 25.19 26.94 26.62 27.31 26.69 25.09 28.84 27.98 25.59 26.35 28.5 23.95 27.12 24.78 28.35 25.35 24.57 24.94 25.59 27.22 1.0
24.22 24.63 24.45 28.09 25.43 23.88 22.55 26.28 27.22 24.29 28.83 22.69 27.78 25.45 26.92 23.97 28.53 25.87 23.22 22.7 26.91 23.53 24.69 23.21 24.52 27.62 27.97 26.79 27.52 25.1 24.65 28.07 23.68 25.29 23.08 26.27 26.08 26.97 24.83 25.55 29.9 25.94 26.13 27.14 34.63 29.22 26.08 26.77 29.28 24.86 25.66 24.4 28.46 25.97 30.32 26.72 27.46 24.6 30.11 28.46 26.02 23.94 25.65 26.73 25.55 25.73 25.89 23.9 23.92 24.99 24.94 26.69 26.62 26.22 25.14 26.1 28.26 24.86 25.83 24.73 25.29 26.55 27.04 27.44 26.68 25.93 27.34 25.95 25.87 25.78 27.06 24.72 28.18 25.27 28.01 25.32 24.51 23.91 25.19 28.37 1.0
27.75 26.2 26.39 28.56 27.3 25.95 23.15 26.94 29.24 26.79 29.14 27.59 29.22 26.14 28.54 25.62 31.19 28.22 23.46 25.85 29.25 25.14 25.44 21.59 28.21 29.56 31.08 27.7 28.85 27.51 26.77 30.55 24.14 24.64 24.96 26.89 26.34 29.4 26.64 27.64 30.72 28.39 27.9 28.07 29.22 38.56 26.85 28.37 32.01 25.68 27.1 24.14 28.64 28.16 31.19 30.62 29.21 25.74 32.09 28.93 27.61 26.93 26.25 28.24 26.74 26.59 26.16 25.11 27.04 26.22 26.72 27.78 28.38 27.61 27.5 25.36 30.14 26.73 27.0 25.84 26.63 27.23 28.62 28.21 28.04 27.61 29.42 27.77 28.41 28.81 30.8 25.92 29.88 24.89 27.68 28.06 26.19 27.73 26.75 29.04 1.0
24.42 25.34 24.11 26.67 24.4 23.31 21.73 23.64 24.98 23.8 28.14 23.73 27.42 24.78 25.29 24.0 29.03 25.56 24.1 23.79 27.0 24.53 23.17 18.85 25.39 27.73 27.04 27.03 26.25 25.87 25.92 27.15 24.45 23.45 23.0 24.4 24.36 26.08 24.52 24.83 29.29 24.47 25.88 27.75 26.08 26.85 34.15 24.54 29.39 24.5 22.99 23.6 25.19 27.76 27.34 26.39 26.37 23.62 29.78 26.39 26.58 25.23 25.69 27.8 22.73 23.4 25.65 24.44 24.47 23.78 24.04 26.12 25.3 25.11 24.44 24.56 29.64 25.43 21.42 23.11 24.9 26.14 26.37 23.18 26.09 24.78 27.27 26.1 25.26 26.46 27.73 24.01 26.51 24.05 25.26 24.94 24.81 23.47 23.67 26.33 1.0
26.65 26.86 25.05 27.5 25.58 24.51 23.87 26.43 26.62 25.57 26.56 24.49 29.16 25.75 28.31 22.38 28.83 27.23 23.57 22.11 29.3 22.88 24.3 22.65 23.2 27.94 28.18 25.66 26.75 25.41 25.44 27.24 25.2 25.73 22.83 27.95 24.43 27.04 25.46 24.94 29.88 28.39 25.59 26.97 26.77 28.37 24.54 36.04 28.36 24.07 23.85 24.24 27.44 27.55 28.78 29.57 28.06 26.07 29.24 30.06 27.02 25.68 24.48 28.98 26.01 25.14 25.85 24.14 25.01 25.47 27.42 26.87 26.39 27.58 27.3 24.19 29.33 25.38 24.53 27.37 25.32 26.88 27.22 27.88 27.3 27.33 29.17 25.39 25.26 26.17 28.4 24.11 30.2 25.23 27.68 25.42 25.27 25.95 26.87 26.89 1.0
28.06 28.9 26.49 30.67 27.7 27.49 26.36 27.94 28.85 26.95 30.51 27.13 29.94 27.11 28.04 26.01 30.88 27.59 26.75 26.23 28.73 26.07 25.67 22.94 28.95 29.81 30.76 27.85 28.93 26.95 27.85 31.56 24.02 26.78 26.27 26.66 27.28 28.72 27.8 28.04 31.66 28.58 28.22 30.58 29.28 32.01 29.39 28.36 41.01 26.13 27.94 25.87 27.5 31.6 30.32 29.68 28.31 26.8 32.83 30.44 29.65 26.88 28.09 29.79 25.42 26.89 26.2 27.41 27.06 26.33 27.36 30.17 30.59 27.66 27.92 26.65 31.65 28.35 25.71 26.01 27.19 28.65 28.98 28.59 30.95 27.69 28.4 27.3 27.51 30.87 29.41 25.47 31.31 26.51 28.81 26.96 26.61 26.95 28.44 30.99 1.0
22.86 22.63 22.63 24.29 22.26 22.5 20.83 21.76 24.69 22.49 24.22 21.24 27.46 23.93 24.85 22.04 25.91 24.3 22.77 22.28 26.84 21.82 22.28 21.14 23.64 25.45 24.92 25.38 24.27 21.4 23.33 27.26 22.71 23.59 20.45 24.15 22.47 25.34 24.83 23.64 26.45 21.86 23.41 24.14 24.86 25.68 24.5 24.07 26.13 30.92 22.28 21.09 24.17 25.79 25.36 25.45 22.47 22.92 26.88 25.68 24.66 24.4 22.71 23.57 22.41 23.44 22.86 21.2 22.71 23.44 24.23 23.5 24.25 21.94 24.81 20.71 26.2 22.1 23.07 23.53 23.09 24.26 25.11 23.86 24.5 24.77 24.66 24.85 22.82 25.9 25.77 21.55 25.25 22.71 23.85 21.59 22.67 21.23 23.09 25.25 1.0
24.29 22.98 21.36 24.71 21.83 23.25 21.79 23.81 24.68 21.65 25.35 23.7 25.6 23.72 24.51 20.69 25.2 24.47 20.43 21.86 24.44 22.76 22.1 19.89 23.4 24.78 25.38 23.78 23.68 21.37 23.4 26.81 21.32 22.28 20.7 23.46 23.28 25.49 22.38 23.37 27.39 23.4 23.87 24.06 25.66 27.1 22.99 23.85 27.94 22.28 29.7 21.76 23.99 25.62 26.41 26.22 24.8 22.77 26.77 27.08 23.78 22.59 23.7 24.49 22.31 23.51 21.37 21.79 21.08 23.07 22.44 25.7 26.47 24.56 24.36 22.41 25.39 24.38 22.81 22.32 22.97 23.4 24.48 26.29 25.31 23.44 24.15 24.62 22.9 25.42 24.93 22.01 24.74 23.34 24.33 22.22 22.93 23.36 23.53 24.31 1.0
21.94 21.84 23.13 24.31 23.18 21.24 21.16 22.15 22.87 22.51 24.53 21.16 24.15 22.04 23.1 19.65 23.78 21.42 20.5 20.11 25.45 20.93 21.63 18.33 22.05 24.18 24.36 22.73 22.58 22.66 22.19 24.35 20.83 21.37 20.0 22.75 22.96 23.13 21.14 22.63 24.29 23.91 23.71 23.59 24.4 24.14 23.6 24.24 25.87 21.09 21.76 27.75 24.64 25.04 25.59 26.28 24.17 21.45 25.59 24.45 23.93 22.17 21.69 24.49 20.5 21.14 21.21 22.81 20.45 21.07 21.88 22.44 24.0 22.36 22.07 22.41 22.97 22.33 21.19 22.62 21.36 22.87 24.88 23.77 23.81 23.48 23.29 22.52 21.09 24.09 25.07 19.93 26.57 22.55 24.76 21.37 22.2 21.26 22.22 24.09 1.0
24.22 26.06 24.51 29.87 25.81 23.31 24.16 25.95 25.92 24.94 27.3 24.01 28.9 25.13 28.08 22.97 29.75 25.71 23.76 21.84 29.22 23.48 26.03 22.3 24.96 27.07 27.49 27.25 26.65 24.98 25.01 27.51 24.07 24.93 21.38 26.24 24.24 26.16 25.39 25.32 28.93 26.81 25.79 26.3 28.46 28.64 25.19 27.44 27.5 24.17 23.99 24.64 34.88 27.85 28.41 29.07 25.93 25.35 29.64 28.14 27.77 24.3 24.96 28.21 24.38 25.68 26.08 23.08 23.52 25.27 25.7 25.96 25.63 26.63 26.42 24.64 28.53 24.83 25.48 24.57 26.36 26.26 27.63 27.83 26.74 25.58 26.12 24.19 24.7 26.07 27.54 23.79 28.91 24.38 27.69 24.57 24.76 24.29 25.0 26.22 1.0
27.38 27.57 26.57 31.04 26.63 25.51 26.07 26.22 29.25 27.02 28.45 25.94 29.37 27.55 29.63 23.74 31.06 27.91 26.27 25.5 30.68 25.97 26.55 23.03 27.79 27.05 29.18 27.49 29.15 26.79 26.49 29.24 25.63 26.21 25.2 26.36 26.96 27.97 28.19 26.31 30.83 28.15 27.91 28.46 25.97 28.16 27.76 27.55 31.6 25.79 25.62 25.04 27.85 38.23 28.54 28.79 27.71 27.86 30.1 30.85 27.51 25.66 25.45 28.01 23.96 27.02 26.38 25.96 25.8 25.71 27.66 29.25 28.36 29.02 29.15 25.69 30.93 27.42 25.33 25.93 25.78 27.87 28.5 27.76 28.7 28.46 28.65 26.26 26.25 29.07 28.4 26.04 29.88 25.84 28.37 25.97 26.83 25.3 27.23 27.47 1.0
27.78 26.3 27.18 30.07 27.87 23.87 25.43 27.03 27.46 25.76 28.1 26.32 29.83 26.99 29.65 24.23 30.7 29.07 24.71 24.47 28.9 24.7 26.27 22.33 27.46 28.78 30.26 27.46 29.55 27.25 26.98 29.81 25.57 27.49 24.88 25.89 27.86 27.74 24.98 26.69 30.38 27.26 25.66 28.66 30.32 31.19 27.34 28.78 30.32 25.36 26.41 25.59 28.41 28.54 38.53 30.55 28.77 25.74 32.13 29.02 27.49 25.54 27.23 29.16 27.44 28.39 27.23 26.44 26.53 25.95 25.97 27.28 27.44 28.03 29.05 27.07 30.1 27.24 27.76 27.28 25.79 28.63 29.02 28.67 29.36 28.0 30.27 27.22 26.03 27.21 30.72 25.38 30.05 25.73 30.88 27.23 26.87 25.02 26.65 28.78 1.0
27.28 26.77 25.73 31.62 27.14 25.63 24.96 26.48 26.72 27.28 28.29 26.68 30.34 27.37 27.27 24.47 29.79 26.6 25.98 25.64 31.04 24.88 26.42 23.44 25.82 28.77 30.49 27.91 29.18 26.18 27.4 30.51 24.61 25.81 25.16 26.38 25.21 30.24 26.84 29.45 29.35 28.1 27.84 29.19 26.72 30.62 26.39 29.57 29.68 25.45 26.22 26.28 29.07 28.79 30.55 38.53 28.28 25.79 29.37 30.75 28.48 27.82 28.18 30.35 24.75 25.91 27.39 26.64 25.53 26.34 27.28 28.12 28.72 27.5 28.4 25.65 29.5 27.73 28.2 28.35 26.96 26.73 28.25 29.92 28.26 27.27 28.32 28.39 25.27 29.64 30.91 23.96 31.22 25.84 30.57 25.23 27.67 25.45 26.92 29.09 1.0
25.34 25.13 25.61 27.17 26.38 24.43 22.84 26.14 27.14 26.58 26.83 23.69 28.63 26.23 26.7 22.84 28.83 27.04 24.12 23.82 25.89 24.29 24.52 21.39 25.05 27.97 29.44 27.42 26.14 24.94 25.61 27.8 22.93 24.56 24.93 24.7 24.16 27.56 25.19 24.77 28.12 25.51 26.96 26.38 27.46 29.21 26.37 28.06 28.31 22.47 24.8 24.17 25.93 27.71 28.77 28.28 35.46 23.86 29.44 28.67 26.17 25.41 24.39 27.75 24.98 25.01 25.53 24.86 25.39 23.68 25.22 25.92 25.31 26.27 26.07 24.62 28.26 27.04 24.01 25.68 26.02 24.98 25.92 26.76 26.52 26.43 27.16 26.04 25.78 26.59 27.47 25.05 28.0 23.99 28.26 25.59 25.79 24.5 25.86 27.05 1.0
25.17 25.07 22.35 26.65 24.24 23.24 22.9 23.04 25.46 23.44 26.67 22.48 24.07 22.67 27.08 22.23 26.85 23.55 22.87 23.14 26.7 22.29 22.68 21.55 22.33 25.07 25.14 23.31 26.3 24.09 22.71 25.87 22.85 23.71 20.95 23.2 23.28 25.89 24.54 22.72 27.65 25.63 24.76 26.28 24.6 25.74 23.62 26.07 26.8 22.92 22.77 21.45 25.35 27.86 25.74 25.79 23.86 31.81 27.04 27.63 24.76 23.45 23.33 24.01 22.97 23.85 24.7 22.43 24.57 23.24 25.02 25.77 24.96 25.45 25.52 23.99 28.24 25.02 22.74 23.76 25.42 24.77 25.59 24.54 26.47 24.64 24.96 24.37 22.11 24.85 26.09 22.85 25.89 22.82 25.42 23.47 24.25 21.78 24.46 24.97 1.0
27.87 28.48 26.65 29.45 27.12 25.92 25.4 27.62 28.37 27.75 29.89 26.36 31.58 27.39 29.24 24.97 31.18 28.52 25.07 26.13 29.7 25.83 26.62 23.03 28.59 29.34 30.34 29.53 29.77 27.87 28.44 30.46 27.31 26.03 26.91 27.8 27.81 28.6 28.32 27.38 31.39 29.88 29.28 30.39 30.11 32.09 29.78 29.24 32.83 26.88 26.77 25.59 29.64 30.1 32.13 29.37 29.44 27.04 38.89 30.57 29.58 26.77 27.98 29.81 27.14 27.64 27.17 26.12 27.68 26.28 28.27 29.33 29.05 28.98 29.74 26.3 32.56 28.72 27.11 26.87 28.17 27.8 29.55 28.15 29.71 28.99 29.93 28.12 29.3 28.53 30.11 27.33 30.45 27.2 30.16 27.59 26.16 27.01 29.72 28.52 1.0
28.18 27.18 26.23 29.97 25.82 25.99 24.84 27.19 28.64 25.77 28.21 24.99 29.48 27.16 28.46 25.8 29.71 28.25 25.02 24.58 30.85 23.98 25.49 25.69 24.95 28.51 28.39 28.52 28.26 26.83 26.33 29.0 25.37 26.98 24.6 27.74 25.54 28.22 28.57 26.64 30.14 27.81 28.32 28.52 28.46 28.93 26.39 30.06 30.44 25.68 27.08 24.45 28.14 30.85 29.02 30.75 28.67 27.63 30.57 39.03 27.9 25.01 25.82 29.67 24.59 26.56 28.0 25.22 26.67 25.31 28.26 27.73 27.9 27.67 29.22 25.77 30.75 27.41 27.13 27.43 26.98 27.87 27.56 30.05 29.59 27.15 27.94 28.33 26.8 27.94 30.36 24.02 29.5 25.77 29.67 24.99 26.75 25.73 27.56 27.92 1.0
25.72 25.87 24.19 26.8 25.03 25.4 21.85 23.99 26.82 25.55 29.0 24.07 28.84 26.14 26.28 22.05 28.63 25.89 23.64 23.74 27.23 24.53 25.28 21.74 26.32 28.29 27.18 26.12 26.09 25.65 25.85 28.39 23.89 23.33 23.18 25.8 22.76 26.86 26.55 24.56 28.54 25.66 25.64 26.84 26.02 27.61 26.58 27.02 29.65 24.66 23.78 23.93 27.77 27.51 27.49 28.48 26.17 24.76 29.58 27.9 33.99 25.28 25.85 28.83 24.56 24.75 25.71 24.85 24.46 24.72 26.8 26.71 26.1 25.61 26.28 23.13 28.78 25.03 24.26 24.58 25.85 26.34 26.7 26.14 27.69 25.23 25.93 24.65 25.12 26.85 27.3 23.7 28.85 24.83 26.9 25.86 25.54 25.51 25.96 25.83 1.0
23.67 21.8 23.14 26.86 22.41 23.2 21.96 23.76 25.53 24.59 25.85 23.97 26.72 23.95 24.94 21.24 27.9 24.23 21.89 23.47 27.74 23.88 22.9 19.44 23.76 25.23 25.39 26.4 25.15 22.94 23.97 27.04 22.04 22.9 22.28 24.07 23.73 25.06 24.26 24.46 27.26 22.99 24.12 26.7 23.94 26.93 25.23 25.68 26.88 24.4 22.59 22.17 24.3 25.66 25.54 27.82 25.41 23.45 26.77 25.01 25.28 31.82 24.08 25.58 23.84 23.4 24.79 21.85 21.71 24.09 23.74 25.55 25.22 23.58 24.45 22.96 26.05 24.19 22.9 23.84 24.45 24.03 25.28 25.86 23.65 23.92 26.33 25.48 21.97 25.87 26.82 22.58 27.84 24.69 25.88 23.77 23.95 21.52 22.98 25.78 1.0
26.08 24.01 22.96 27.38 25.18 22.89 22.3 23.91 24.98 24.3 26.33 24.07 27.58 24.01 26.62 22.71 28.5 23.6 22.84 23.47 25.56 23.6 23.03 21.67 25.26 28.46 25.28 24.41 26.21 23.7 24.51 27.96 21.95 23.85 22.23 22.23 22.51 26.55 22.74 24.33 28.24 24.74 25.2 27.14 25.65 26.25 25.69 24.48 28.09 22.71 23.7 21.69 24.96 25.45 27.23 28.18 24.39 23.33 27.98 25.82 25.85 24.08 33.06 26.39 22.67 24.15 24.23 23.97 22.14 22.62 23.12 25.81 24.86 25.14 24.23 23.44 27.89 24.71 25.1 24.15 24.68 24.29 25.41 26.29 27.69 23.34 27.18 26.4 24.99 25.54 27.58 21.62 27.3 25.11 25.44 23.91 22.82 22.35 23.84 28.26 1.0
25.86 27.47 24.89 29.08 26.1 25.19 23.34 26.58 26.66 25.72 29.09 23.93 28.81 26.64 26.93 22.59 29.18 27.74 24.91 24.66 28.65 24.26 25.68 22.35 24.73 29.79 28.77 26.27 27.78 26.61 25.42 27.3 24.9 25.3 24.11 26.29 24.85 27.53 25.46 26.37 29.0 26.67 26.65 27.49 26.73 28.24 27.8 28.98 29.79 23.57 24.49 24.49 28.21 28.01 29.16 30.35 27.75 24.01 29.81 29.67 28.83 25.58 26.39 35.5 23.76 25.02 25.93 25.41 24.98 24.24 26.06 27.63 28.48 27.96 26.8 25.42 30.49 26.2 24.35 25.69 26.11 27.49 26.65 26.74 27.99 26.39 28.64 27.32 26.78 28.37 29.05 24.76 29.08 26.62 27.51 24.7 26.02 25.61 24.76 28.08 1.0
23.9 21.77 21.96 24.28 23.33 22.24 21.15 22.72 25.03 22.91 24.62 22.73 27.11 23.87 25.11 23.16 26.36 24.37 20.11 21.32 24.64 22.72 23.4 20.13 22.74 25.8 25.36 24.58 24.96 22.78 24.42 25.68 21.79 22.19 20.77 24.05 24.09 23.52 22.59 21.59 26.76 24.09 23.47 23.07 25.55 26.74 22.73 26.01 25.42 22.41 22.31 20.5 24.38 23.96 27.44 24.75 24.98 22.97 27.14 24.59 24.56 23.84 22.67 23.76 29.89 24.06 21.95 20.92 22.41 22.51 23.77 23.68 23.16 24.12 24.97 23.39 27.04 23.65 23.15 23.52 23.84 24.34 24.77 24.69 24.32 24.33 24.64 21.75 22.51 23.64 25.75 23.24 25.94 22.73 25.63 23.49 22.86 23.48 22.59 23.58 1.0
25.88 23.67 22.19 26.98 24.05 23.36 22.2 23.62 26.13 23.6 26.33 23.87 26.1 24.09 25.63 21.62 28.53 25.2 21.81 21.83 26.28 23.79 23.59 22.07 24.44 25.91 26.08 24.65 25.3 22.6 25.13 28.06 22.88 22.77 23.99 24.03 23.62 24.44 22.88 24.72 28.77 24.7 22.18 24.12 25.73 26.59 23.4 25.14 26.89 23.44 23.51 21.14 25.68 27.02 28.39 25.91 25.01 23.85 27.64 26.56 24.75 23.4 24.15 25.02 24.06 33.01 23.8 22.85 24.17 23.52 24.41 25.4 24.71 24.92 26.89 24.08 27.21 24.73 24.18 25.57 23.26 25.5 25.59 25.2 25.7 23.84 25.54 22.98 23.45 26.0 27.76 23.93 25.88 23.26 25.67 24.7 23.32 23.29 23.37 26.25 1.0
23.1 23.31 22.96 27.55 24.06 23.61 23.32 22.81 24.29 22.98 25.61 22.82 25.47 23.54 25.22 21.46 28.15 24.73 23.31 22.33 27.74 23.14 23.82 21.16 23.41 25.08 26.11 25.55 25.72 24.68 24.17 27.13 23.66 24.08 21.93 22.51 23.67 24.72 24.42 25.23 27.15 24.29 24.09 26.58 25.89 26.16 25.65 25.85 26.2 22.86 21.37 21.21 26.08 26.38 27.23 27.39 25.53 24.7 27.17 28.0 25.71 24.79 24.23 25.93 21.95 23.8 31.96 23.36 23.76 24.09 24.37 24.79 24.55 24.01 25.09 23.14 26.5 24.24 23.8 23.68 24.87 24.96 25.99 24.44 26.1 24.32 25.27 26.05 23.1 24.34 27.25 22.63 25.76 23.83 25.68 24.25 23.75 22.37 24.49 24.98 1.0
