Wczytana macierz:
10 11
 4.30000  3.17000  2.86000  2.87000  3.82000  3.26000  2.76000  4.26000  2.54000  2.48000  1.00000
 3.17000  2.88000  2.22000  2.52000  2.94000  2.41000  2.09000  3.19000  2.11000  1.82000  1.00000
 2.86000  2.22000  2.73000  1.81000  2.72000  2.70000  1.47000  2.72000  1.94000  2.11000  1.00000
 2.87000  2.52000  1.81000  3.30000  2.72000  2.67000  1.79000  3.56000  2.25000  1.85000  1.00000
 3.82000  2.94000  2.72000  2.72000  4.07000  3.38000  2.06000  3.65000  2.61000  2.40000  1.00000
 3.26000  2.41000  2.70000  2.67000  3.38000  3.76000  1.63000  3.38000  2.03000  2.21000  1.00000
 2.76000  2.09000  1.47000  1.79000  2.06000  1.63000  2.26000  2.68000  1.37000  1.01000  1.00000
 4.26000  3.19000  2.72000  3.56000  3.65000  3.38000  2.68000  5.47000  2.93000  2.88000  1.00000
 2.54000  2.11000  1.94000  2.25000  2.61000  2.03000  1.37000  2.93000  2.38000  1.77000  1.00000
 2.48000  1.82000  2.11000  1.85000  2.40000  2.21000  1.01000  2.88000  1.77000  2.61000  1.00000

Uklad po przejsciu funkcji:
10 11
 4.30000  3.17000  2.86000  2.87000  3.82000  3.26000  2.76000  4.26000  2.54000  2.48000 -38.73593
 3.17000  2.88000  2.22000  2.52000  2.94000  2.41000  2.09000  3.19000  2.11000  1.82000 -36.64051
 2.86000  2.22000  2.73000  1.81000  2.72000  2.70000  1.47000  2.72000  1.94000  2.11000 65.47819
 2.87000  2.52000  1.81000  3.30000  2.72000  2.67000  1.79000  3.56000  2.25000  1.85000 42.31206
 3.82000  2.94000  2.72000  2.72000  4.07000  3.38000  2.06000  3.65000  2.61000  2.40000 61.28856
 3.26000  2.41000  2.70000  2.67000  3.38000  3.76000  1.63000  3.38000  2.03000  2.21000 -57.13233
 2.76000  2.09000  1.47000  1.79000  2.06000  1.63000  2.26000  2.68000  1.37000  1.01000  6.98784
 4.26000  3.19000  2.72000  3.56000  3.65000  3.38000  2.68000  5.47000  2.93000  2.88000 20.60427
 2.54000  2.11000  1.94000  2.25000  2.61000  2.03000  1.37000  2.93000  2.38000  1.77000 -54.73933
 2.48000  1.82000  2.11000  1.85000  2.40000  2.21000  1.01000  2.88000  1.77000  2.61000 -16.48465

Rozwiazania ukladu:
	-38.7359
	-36.6405
	65.4782
	42.3121
	61.2886
	-57.1323
	6.98784
	20.6043
	-54.7393
	-16.4847
time elapsed: 0.000069 seconds.
