
Macierz:
10 11
 4.30000  3.17000  2.86000  2.87000  3.82000  3.26000  2.76000  4.26000  2.54000  2.48000  1.00000
 3.17000  2.88000  2.22000  2.52000  2.94000  2.41000  2.09000  3.19000  2.11000  1.82000  1.00000
 2.86000  2.22000  2.73000  1.81000  2.72000  2.70000  1.47000  2.72000  1.94000  2.11000  1.00000
 2.87000  2.52000  1.81000  3.30000  2.72000  2.67000  1.79000  3.56000  2.25000  1.85000  1.00000
 3.82000  2.94000  2.72000  2.72000  4.07000  3.38000  2.06000  3.65000  2.61000  2.40000  1.00000
 3.26000  2.41000  2.70000  2.67000  3.38000  3.76000  1.63000  3.38000  2.03000  2.21000  1.00000
 2.76000  2.09000  1.47000  1.79000  2.06000  1.63000  2.26000  2.68000  1.37000  1.01000  1.00000
 4.26000  3.19000  2.72000  3.56000  3.65000  3.38000  2.68000  5.47000  2.93000  2.88000  1.00000
 2.54000  2.11000  1.94000  2.25000  2.61000  2.03000  1.37000  2.93000  2.38000  1.77000  1.00000
 2.48000  1.82000  2.11000  1.85000  2.40000  2.21000  1.01000  2.88000  1.77000  2.61000  1.00000

Po elim. Gaussa:
10 11
 4.30000  3.17000  2.86000  2.87000  3.82000  3.26000  2.76000  4.26000  2.54000  2.48000  1.00000
-0.00000  0.54305  0.11158  0.40421  0.12386  0.00670  0.05530  0.04949  0.23749 -0.00828  0.26279
 0.00000  0.00000  0.80484 -0.18194  0.15381  0.53034 -0.37708 -0.12356  0.20181  0.46221  0.28089
 0.00000  0.00000  0.00000  1.04245  0.11295  0.60904 -0.17854  0.65193  0.42355  0.30539  0.20045
 0.00000 -0.00000  0.00000  0.00000  0.60654  0.31504 -0.31311 -0.19277  0.21491  0.07731 -0.02371
 0.00000 -0.00000  0.00000  0.00000  0.00000  0.41945  0.05228 -0.04962 -0.39066 -0.19323 -0.05127
 0.00000  0.00000  0.00000  0.00000  0.00000  0.00000 -0.24812  0.30551 -0.13865  0.72576  0.18663
 0.00000  0.00000  0.00000  0.00000  0.00000  0.00000  0.00000  0.62949  0.23546  0.01613 -0.18489
 0.00000  0.00000  0.00000  0.00000  0.00000  0.00000  0.00000  0.00000 -0.03029  0.06526  0.58206
 0.00000  0.00000 -0.00000  0.00000  0.00000  0.00000  0.00000  0.00000  0.00000 -0.01541  0.25397
Permutacja: 0 1 2 3 4 5 9 7 6 8
Permutacja odwrotna: 0 1 2 3 4 5 8 7 9 6

Po podstawieniu wstecz:
10 11
 4.30000  3.17000  2.86000  2.87000  3.82000  3.26000  2.76000  4.26000  2.54000  2.48000 -38.73593
-0.00000  0.54305  0.11158  0.40421  0.12386  0.00670  0.05530  0.04949  0.23749 -0.00828 -36.64051
 0.00000  0.00000  0.80484 -0.18194  0.15381  0.53034 -0.37708 -0.12356  0.20181  0.46221 65.47819
 0.00000  0.00000  0.00000  1.04245  0.11295  0.60904 -0.17854  0.65193  0.42355  0.30539 42.31206
 0.00000 -0.00000  0.00000  0.00000  0.60654  0.31504 -0.31311 -0.19277  0.21491  0.07731 61.28856
 0.00000 -0.00000  0.00000  0.00000  0.00000  0.41945  0.05228 -0.04962 -0.39066 -0.19323 -57.13233
 0.00000  0.00000  0.00000  0.00000  0.00000  0.00000 -0.24812  0.30551 -0.13865  0.72576  6.98784
 0.00000  0.00000  0.00000  0.00000  0.00000  0.00000  0.00000  0.62949  0.23546  0.01613 20.60427
 0.00000  0.00000  0.00000  0.00000  0.00000  0.00000  0.00000  0.00000 -0.03029  0.06526 -54.73933
 0.00000  0.00000 -0.00000  0.00000  0.00000  0.00000  0.00000  0.00000  0.00000 -0.01541 -16.48465
Rozwiązania: 
Nr 1:
	-38.7359	-36.6405	65.4782	42.3121	61.2886	-57.1323	6.98784	20.6043	-54.7393	-16.4847
time elapsed: 0.000049 seconds.
